37.5563854261339, 127.010837729864
37.5680445876689, 127.010890355484
37.5623991766563, 126.995358668881
37.6095716272147, 126.956417315057
37.5626238022321, 126.955295971809
37.5555948787032, 126.937659919949
37.5712443657225, 126.992328395433
37.5440912782433, 126.970902678146
37.5501133899118, 126.972858549438
37.5460748283766, 126.985570619312
37.539770595227, 127.001531820101
37.5213567033653, 126.973298153783
37.5944725333435, 127.012706037821
37.5796746048454, 127.020544448584
37.5862080046689, 127.013487435398
37.6038806342175, 127.01537029403
37.6038870030508, 127.025014157836
37.607933204166, 126.999245622857
37.6119495341895, 127.008168686825
37.5901801917566, 127.004032994418
37.5646639481943, 127.056812551997
37.5672468101158, 127.06066199544
37.5761901255379, 127.024211664496
37.5783459546265, 127.033997269967
37.565487474709, 127.061457302827
37.6040188258472, 127.062271070774
37.5574606308222, 126.960313563077
37.5412873917528, 126.950205787683
37.5477273573601, 126.9415226828
37.5545127178433, 126.934709750224
37.5524254270151, 126.920803016638
37.561627886769, 126.903751701218
37.5190219719817, 126.912213516512
37.5095637909753, 126.904676711245
37.5083066614392, 126.91072655844
37.5006635974368, 126.907771667645
37.5378317094731, 126.895989543376
37.5663196905133, 127.045407334357
37.5691415744679, 127.03755654848
37.5464025531618, 127.044349655211
37.5396804981243, 127.051176849101
37.5631228791818, 127.031878659226
37.5476298592186, 127.021048385595
37.5060002422216, 126.96880795217
37.504162062481, 126.939116296001
37.500816194416, 126.937593530533
37.4947060112468, 126.95454887218
37.4809757528847, 126.971633687906
37.4889590965664, 126.965702592777
37.4999114215453, 126.930369336676
37.5288250325552, 127.084734665975
37.5391880743316, 127.097898009331
37.5979002662723, 126.910982890812
37.5835875071705, 126.906830080952
37.5819718772475, 126.894955097306
37.5858883205145, 126.91728121297
37.6044442485749, 126.917943326269
37.6270913479898, 127.026975138546
37.6236097933251, 127.021024592746
37.6125132978332, 127.029875891393
37.6631409217695, 127.012896918424
37.6442055210191, 127.015779369092
37.4765543377827, 126.907875354134
37.4753248462985, 126.899930750056
37.4623033022627, 126.910186615612
37.4485831942755, 126.909441431839
37.455503913854, 126.904231338183
37.4458870097765, 126.902652556993
37.4579412748255, 126.887782916877
37.6012353978913, 127.106400204259
37.5946810843701, 127.101764183274
37.5743707842775, 127.080568566389
37.5773727903567, 127.085709678011
37.5896781139292, 127.076238124296
37.5924251772309, 127.083262954983
37.5866723111149, 127.088626598897
37.5847817195331, 127.094596931638
37.6011600553347, 127.079814374769
37.5118239121138, 127.059159043842
37.5227244994333, 127.047872341453
37.5306172350842, 127.030652229884
37.4878445485947, 126.93230195852
37.4784616047559, 126.961537164963
37.4739602669408, 126.965378323172
37.4685736826573, 126.937557718035
37.4910486713267, 126.958034850424
37.4712544299295, 126.920016584361
37.5437835233682, 126.845382029482
37.5793025182835, 126.799938618155
37.5378841897711, 127.127582165548
37.5401997804865, 127.147736355413
37.5514791023521, 127.13263958229
37.5349866050527, 127.124599435346
37.5497615551596, 127.145982840873
37.6112884477558, 127.063309703951
37.6137713203985, 127.045716947171
37.6068073305341, 127.027279365525
37.5981873814472, 127.035097117925
37.5077799888291, 126.880595187662
37.4911573193858, 126.875175789653
37.4913197035995, 126.883399005517
37.5031515747721, 126.846960852694
37.4980045168784, 126.85293870621
37.4858515771587, 126.853823884988
37.493475357631, 126.818893647151
37.5079146773376, 127.017222087605
37.5149680773796, 127.013982138807
37.4823623028334, 127.004456605566
37.4618240620617, 127.050698964768
37.4718583556533, 127.02717338355
37.5380108796335, 126.884416059023
37.544170771203, 126.868997498321
37.5323749110052, 126.868293028935
37.5115153772554, 126.868875658227
37.5191646614414, 126.870543327624
37.5246958066952, 126.840081055666
37.535930221181, 126.827236978257
37.5062635478027, 127.109312381921
37.5060237036932, 127.084610605219
37.5133048343453, 127.094106688479
37.50362966664, 127.103891402154
37.4932221456692, 127.132366758386
37.4899482612712, 127.111104916447
37.4964664567065, 127.154988871944
37.5350835238768, 127.120458920118
37.5131381759342, 127.09304868009
37.4705534178828, 127.127440624073
37.6332899719472, 127.072469045689
37.6228151387095, 127.061453718916
37.6284765288847, 127.05574977337
37.6208634727079, 127.0693254524
37.6267092687247, 127.078916178123
37.647637343263, 127.08038872319
37.6714710858571, 127.077852732199
37.6667361763047, 127.051553324121
37.4784387624575, 126.999996608286
37.5044715358852, 126.994578386416
37.4909076362591, 126.986929555372
37.6183029972983, 126.932928816928
37.6245435283415, 126.920222366712
37.6115011035663, 126.911149480944
37.6238888205083, 126.916630032947
37.6343350575022, 126.931351874427
37.6442168922771, 126.928943033881
37.6628731131064, 127.030663802608
37.484573818807, 127.04683830584
37.4938572903039, 127.032209017373
37.4983651402334, 127.061465806411
37.4854023249278, 127.104582100484