37.518284,126.868114
37.523404,126.873303
37.545221,126.871458
37.54573041,126.8694992
37.543028,126.863535
37.541113,126.866289
37.537197,126.823275
37.524798,126.837654
37.540919,126.830898
37.544035,126.829343
37.517448,126.846827
37.520026,126.8319008
37.516341,126.833433
37.512508,126.839815
37.512324,126.853457
37.513119,126.855038
37.524377,126.860538
37.524314,126.862031
37.514999,126.871238
37.509831,126.866885
37.508944,126.843675
37.512676,126.831689
37.512548,126.861524
37.538671,126.828343
37.531874,126.835837
37.524116,126.857761
37.524916,126.861917
37.524755,126.831826
37.512305,126.840831
37.515534,126.838444
37.522084,126.854836
37.51177,126.837921
37.512555,126.837565
37.526142,126.872784
37.54522948,126.873472
37.543705,126.873804
37.541929,126.870398
37.542896,126.871706
37.548501,126.868663
37.540706,126.866066
37.548231,126.866808
37.542269,126.866024
37.549309,126.865929
37.533057,126.865995
37.515913,126.853258
37.514312,126.855041
37.515861,126.853942
37.514312,126.855041
37.513028,126.854616
37.525907,126.855804
37.516681,126.852491
37.525509,126.851655
37.526506,126.8522792
37.523117,126.864622
37.524633,126.860815
37.524916,126.861906
37.512372,126.870229
37.523933,126.872706
37.539207,126.872773
37.543816,126.875701
37.543712,126.872614
37.543832,126.881263
37.538216,126.872725
37.545021,126.864706
37.544132,126.863527
37.521638,126.848534
37.54080993,126.872012
37.546403,126.875144
37.547395,126.869512
37.548039,126.865152
37.546817,126.864814
37.540121,126.864373
37.54519123,126.863203
37.537983,126.867876
37.534018,126.863878
37.542743,126.883534
37.546226,126.868337
37.522639,126.850637
37.523335,126.842874
37.527667,126.863301
37.516225,126.877439
37.52069,126.878025
37.535158,126.881875
37.530652,126.829877
37.519742,126.872781
37.513569,126.833371
37.513028,126.854616
37.522404,126.862207
37.510964,126.843972
37.522039,126.873905
37.510929,126.8368211
37.545386,126.871554
37.517671,126.84781
37.514176,126.833229
37.514228,126.833795
37.51304,126.833097
37.523666,126.865231
37.521621,126.830349
37.544002,126.864851
37.530833,126.864607
37.533724,126.864942
37.533548,126.865219
37.536891,126.865506
37.538233,126.868585
37.534233,126.868819
37.522925,126.848738
37.525702,126.839344
37.523656,126.836701
37.518659,126.840305
37.541517,126.827245
37.544924,126.829695
37.538784,126.828148
37.538448,126.831746
37.515705,126.837319
37.518503,126.843512
37.522823,126.834932
37.516937,126.836761
37.519326,126.837164
37.519335,126.854801
37.520915,126.855673
37.519327,126.876212
37.521522,126.875543
37.518329,126.874239
37.520684,126.850838
37.519268,126.850833
37.518526,126.849245
37.515918,126.848736
37.516276,126.852441
37.522904,126.852142
37.524821,126.857902
37.523016,126.856321
37.514983,126.865134
37.511697,126.834207
37.511697,126.834207
37.53523,126.87293
37.52257866,126.849704
37.531717,126.8649501
37.529348,126.835951
37.529359,126.836832
37.528775,126.836426
37.528542,126.836926
37.528013,126.836116
37.52823155,126.838439
37.51648072,126.872335
37.52383344,126.8773493
37.53333684,126.8769988
37.545876,126.881156
37.54651152,126.868822
37.54454107,126.876444
37.54604625,126.8786617
37.540106,126.8715884
37.54240188,126.8679003
37.545629,126.8640649
37.541702,126.866799
37.53421296,126.864195
37.53627936,126.8653039
37.53492799,126.8686191
37.53011692,126.8373525
37.51936546,126.8445205
37.53755783,126.8297511
37.53749244,126.8305794
37.537328,126.8285341
37.528399,126.834869
37.523038,126.861968
37.52847914,126.861883
37.526629,126.863017
37.528134,126.858466
37.52525997,126.851721
37.509215,126.8601996
37.510738,126.870539
37.509224,126.867909
37.521308,126.860521
37.520429,126.853542
37.519624,126.853716
37.519608,126.857187
37.521189,126.865889
37.520642,126.876058
37.520684,126.873676
37.515402,126.848941
37.519978,126.850741
37.526236,126.85881
37.525622,126.856411
37.527235,126.8543109
37.52727897,126.852758
37.52441055,126.8576086
37.524554,126.856442
37.522342,126.867564
37.508204,126.868157
37.52924989,126.867095
37.543509,126.872121
37.544203,126.870381
37.547525,126.863857
37.548712,126.867567
37.549806,126.864904
37.546509,126.863862
37.52288291,126.8472372
37.53237717,126.8297493
37.52464916,126.8366766
37.520284,126.8374329
37.51092889,126.8368196
37.51770481,126.8657394
37.51577329,126.862864
37.510932,126.868251
37.510467,126.867362
37.519937,126.858686
37.52095837,126.8714445
37.520929,126.8498022
37.51588923,126.8513959
37.50832006,126.8452039
37.52691205,126.8617504
37.51360068,126.8697062
37.510784,126.869549
37.510957,126.869879
37.509081,126.869504
37.54403629,126.8695175
37.54543206,126.8807086
37.543587,126.866492
37.54424181,126.8663759
37.543465,126.867934
37.53799,126.865441
37.545961,126.865653
37.545859,126.865412
37.51052262,126.8570483
37.52136324,126.8296838
37.54003259,126.8731407
37.51359686,126.8456002
37.52390483,126.835391
37.54741,126.865323
37.546213,126.865055
37.540851,126.864359
37.539623,126.867778
37.54510465,126.8820743
37.537669,126.870656
37.534388,126.867901
37.536384,126.868778
37.539861,126.881929
37.532909,126.871605
37.533897,126.880368
37.532298,126.880665
37.541628,126.882643
37.544832,126.882407
37.541638,126.869889
37.522721,126.874568
37.523104,126.872146
37.525421,126.872348
37.524864,126.867045
37.527011,126.873011
37.526082,126.870327
37.523451,126.867237
37.543209,126.870276
37.537802,126.869243
37.537203,126.868565
37.535434,126.868681
37.533423,126.866508
37.536219,126.869608
37.532893,126.885698
37.532893,126.885698
37.542743,126.883534
37.52250512,126.8309034
37.51859554,126.8401241
37.535952,126.871944
37.536812,126.871282
37.546233,126.870813
37.540695,126.876258
37.546498,126.8697372
37.545638,126.877766
37.539204,126.870508
37.531058,126.836062
37.519422,126.848706
37.516829,126.848655
37.532013,126.825158
37.535207,126.824987
37.532929,126.824767
37.530932,126.826014
37.523426,126.839126
37.524234,126.838501
37.522608,126.839785
37.521023,126.841151
37.529915,126.834359
37.521291,126.839949
37.519025,126.839611
37.519418,126.8410394
37.540624,126.832635
37.541434,126.830454
37.516778,126.840339
37.515817,126.8407017
37.52229901,126.829916
37.523198,126.832391
37.521907,126.832336
37.527904,126.834568
37.522735,126.831244
37.520834,126.833729
37.521606,126.834615
37.522132,126.835868
37.529767,126.836503
37.526023,126.844984
37.526142,126.840874
37.526359,126.843028
37.524443,126.847124
37.523429,126.848915
37.525651,126.844458
37.530441,126.829514
37.539049,126.824268
37.538736,126.825624
37.536732,126.826811
37.529301,126.831265
37.537615,126.825619
37.521307,126.838534
37.521434,126.841541
37.541336,126.832114
37.542737,126.828579
37.522322,126.844421
37.518919,126.831268
37.516926,126.838019
37.516135,126.835634
37.516763,126.834553
37.522629,126.830136
37.521823,126.846909
37.521174,126.847732
37.52161866,126.876972
37.525638,126.854182
37.527409,126.849783
37.523319,126.852712
37.522695,126.853963
37.522737,126.859347
37.523727,126.862006
37.515915,126.871854
37.514999,126.871238
37.514999,126.871238
37.509104,126.867108
37.511414,126.838511
37.506509,126.864174
37.507442,126.864531
37.511009,126.869671
37.50775811,126.861311
37.517525,126.872244
37.513152,126.841764
37.512062,126.840428
37.512473,126.838896
37.524213,126.859373
37.520467,126.860928
37.520559,126.862332
37.518944,126.874678
37.517599,126.872757
37.517636,126.874405
37.522808,126.8721195
37.522511,126.861254
37.512469,126.837169
37.510964,126.843972
37.51219626,126.844377
37.508648,126.842376
37.511194,126.851984
37.512998,126.845158
37.513508,126.836068
37.513447,126.838429
37.51258,126.855468
37.515351,126.854725
37.526035,126.857525
37.516325,126.854309
37.517295,126.853502
37.515703,126.852495
37.515919,126.852021
37.534126,126.865711
37.533719,126.831104
37.53484,126.834488
37.521598,126.852566
37.531352,126.830213
37.518915,126.842168
37.538936,126.829443
37.517723,126.842649
37.523837,126.828356
37.523314,126.834112
37.520921,126.830611
37.518502,126.875969
37.518394,126.852753
37.510361,126.8431478
37.522215,126.854534
37.522244,126.853382
37.526293,126.853805
37.520132,126.869447
37.509886,126.861357
37.509653,126.866605
37.523709,126.868603
37.535858,126.872484
37.525412,126.841242
37.525511,126.847431
37.530371,126.828043
37.519905,126.835745
37.519823,126.859451
37.511312,126.854215
37.513351,126.829358
37.513351,126.829358
37.513351,126.829358
37.513351,126.829358
37.510406,126.858621
37.510049,126.867876
37.538726,126.864469
37.534476,126.877184
37.526371,126.848497
37.515427,126.836443
37.523071,126.833509
37.518462,126.837176
37.511412,126.839456
37.523818,126.872205
37.542515,126.870443
37.544334,126.868376
37.544588,126.866212
37.534367,126.865221
37.531688,126.834542
37.532912,126.826111
37.540822,126.829898
37.536916,126.832005
37.515215,126.837147
37.521026,126.835744
37.518132,126.849603
37.527612,126.857229
37.524974,126.860132
37.506785,126.862907
37.521337,126.862236
37.518701,126.871079
37.535119,126.88399
37.522918,126.860746
37.514999,126.871238
37.50775811,126.861311
37.542807,126.869029
37.549344,126.865385
37.545332,126.864944
37.519954,126.842054
37.517545,126.833294
37.520205,126.836057
37.514086,126.856094
37.517666,126.858514
37.511697,126.834207
37.52812,126.856526
37.523236,126.844729
37.534531,126.826631
37.533509,126.827235
37.530713,126.828005
37.537023,126.829074
37.515633,126.839131
37.543011,126.8729013
37.537048,126.876418
37.541292,126.878502
37.531271,126.873867
37.53569938,126.829905
37.531711,126.832685
37.534457,126.830807
37.529007,126.835493
37.521927,126.845038
37.523532,126.846001
37.527231,126.848142
37.524124,126.842871
37.533512,126.8288076
37.533678,126.825611
37.520186,126.843304
37.538657,126.833622
37.537709,126.832199
37.537529,126.830815
37.542035,126.828943
37.517134,126.841367
37.522036,126.827383
37.524411,126.831506
37.521156,126.832795
37.518402,126.838118
37.51673007,126.855114
37.517065,126.854837
37.521117,126.858466
37.521215,126.875811
37.520011,126.875548
37.524013,126.854656
37.524105,126.855731
37.525208,126.853324
37.5270206,126.855841
37.526409,126.859946
37.527426,126.861785
37.528033,126.855663
37.514983,126.865134
37.515559,126.860571
37.527518,126.873615
37.537331,126.871404
37.539113,126.868811
37.538524,126.878202
37.533249,126.869532
37.524819,126.847862
37.530847,126.830819
37.522413,126.840921
37.525011,126.839997
37.540511,126.832125
37.516287,126.846345
37.510169,126.860017
37.516375,126.856634
37.518928,126.850183
37.523846,126.863022
37.526836,126.858623
37.509455,126.862163
37.519411,126.870645
37.510523,126.857048
37.509713,126.855436
37.54408583,126.8780223
37.545318,126.878346
37.51054,126.87025
37.525602,126.875414
37.544346,126.873325
37.540631,126.869877
37.544115,126.872445
37.542112,126.865368
37.535544,126.865016
37.535602,126.865604
37.532528,126.865634
37.539157,126.833978
37.534789,126.867459
37.531328,126.865671
37.533505,126.868777
37.537418,126.871752
37.535702,126.864234
37.539016,126.8674002
37.534656,126.886469
37.533405,126.883966
37.523279,126.876044
37.524831,126.870022
37.544726,126.880974
37.540033,126.873126
37.546405,126.876751
37.545085,126.875887
37.540927,126.867218
37.548294,126.864414
37.541808,126.866666
37.538481,126.868166
37.535109,126.866361
37.533608,126.864322
37.53101125,126.865105
37.532248,126.835591
37.534159,126.833687
37.526697,126.835927
37.526707,126.836972
37.523955,126.845607
37.525216,126.846371
37.523319,126.850609
37.519539,126.846624
37.525128,126.841861
37.535708,126.826008
37.534241,126.825132
37.54508073,126.828697
37.51462,126.841585
37.519719,126.831763
37.520548,126.832245
37.528904,126.834015
37.522777,126.846111
37.536209,126.827315
37.523028,126.837716
37.521533,126.843222
37.519426,126.873805
37.517226,126.876469
37.517237,126.849201
37.524482,126.8642317
37.525834,126.863672
37.524953,126.851314
37.526352,126.854647
37.514999,126.871238
37.517075,126.866542
37.527011,126.873011
37.528927,126.837359
37.520893,126.840005
37.521204,126.834054
37.513992,126.832171
37.512491,126.832437
37.513992,126.832171
37.527199,126.860071
37.526849,126.857151
37.526274,126.850327
37.527518,126.873615
37.546521,126.878786
37.530475,126.833012
37.53012963,126.830867
37.532919,126.828304
37.524335,126.841283
37.520198,126.842266
37.519834,126.838995
37.539913,126.827001
37.541523,126.828737
37.542005,126.828406
37.536637,126.829949
37.514769,126.842025
37.51532156,126.8380015
37.518506,126.842914
37.515921,126.838728
37.524324,126.832311
37.520724,126.831539
37.521827,126.826673
37.523813,126.834857
37.532414,126.833058
37.528024,126.836748
37.535751,126.831615
37.527615,126.838992
37.523424,126.842467
37.526637,126.846242
37.525985,126.849022
37.528153,126.875746
37.543506,126.863858
37.538034,126.864424
37.538227,126.869535
37.525037,126.873054
37.527346,126.864459
37.522403,126.877315
37.535926,126.877979
37.536709,126.883155
37.539939,126.874743
37.541115,126.871197
37.544621,126.873912
37.531041,126.835402
37.522019,126.838686
37.522985,126.841009
37.517728,126.841017
37.522214,126.833809
37.527145,126.837946
37.526635,126.838054
37.535414,126.833672
37.53497,126.832564
37.532034,126.826662
37.525611,126.8329506
37.540423,126.826543
37.522407,126.843129
37.526405,126.847836
37.520527,126.859779
37.528135,126.856353
37.528176,126.860688
37.525537,126.853207
37.525348,126.850804
37.515562,126.850817
37.519574,126.852405
37.521721,126.849825
37.519499,126.8558997
37.517161,126.856561
37.519426,126.8640382
37.513541,126.874032
37.514983,126.865134
37.523221,126.854965
37.523555,126.863413
37.523255,126.853587
37.541605,126.867915
37.529113,126.836765
37.517929,126.8457002
37.517156,126.871672
37.516594,126.850404
37.511238,126.868287
37.51652093,126.863346
37.514983,126.865134
37.541337,126.872639
37.54540826,126.873329
37.535609,126.878709
37.543206,126.865474
37.539735,126.865005
37.539192,126.865866
37.53511144,126.828063
37.536123,126.824384
37.538013,126.833933
37.528106,126.838117
37.524856,126.843925
37.52423449,126.8478515
37.516648,126.839137
37.518616,126.836653
37.51440061,126.839945
37.522933,126.858471
37.521857,126.855268
37.520111,126.849709
37.527115,126.851383
37.508533,126.864915
37.520638,126.874811
37.524948,126.867868
37.534841,126.825983
37.532009,126.828842
37.519821,126.832269
37.52250512,126.8309034
37.521729,126.876001
37.513088,126.85094
37.526429,126.858605
37.518284,126.868114